[Boundary]
groundregiontop = 300
skyregionbottom = 250

[CameraParameters]
cx = 342.4952186
cy = 233.8879292
fx = 532.80992188
fy = 532.9334642
k1 = -0.281325576
k2 = 0.0291130383
k3 = 0.154865845
p1 = 0.00121234330
p2 = 0.000140825367
