[Boundary]
groundregiontop = 300
skyregionbottom = 250

[CameraParameters]
cx = 639.617519226
cy = 367.125114005
fx = 1412.93908333
fy = 1420.37024284
k1 = 0.386544313071
k2 = -3.55455457774
k3 = 19.9629842537
p1 = -0.029813981655
p2 = -0.00260267765168
