[Boundary]
groundregiontop = 150
skyregionbottom = 100

[CameraParameters]
cx = 342.495218602
cy = 233.887929197
fx = 532.80992188
fy = 532.933464203
k1 = -0.281325575572
k2 = 0.029113038253
k3 = 0.154865845277
p1 = 0.00121234329695
p2 = -0.000140825366673

