[Boundary]
groundregiontop = 300
skyregionbottom = 250

[CameraParameters]
cx = 196.895547611
cy = 223.973454978
fx = 876.007160323
fy = 871.465840466
k1 = 0.134960143353
k2 = -1.39378367802
k3 = 3.80965431936
p1 = -0.0028877772296
p2 = -0.0191525572789

